2470
4940
7410
1
2
3
1
2
3
2
4
6
2
4
6
3
6
9
3
6
9
4
8
12
4
8
12
5
10
15
5
10
15
6
12
18
6
12
18
7
14
21
7
14
21
8
16
24
8
16
24
9
18
27
9
18
27
10
20
30
10
20
30
11
22
33
11
22
33
12
24
36
12
24
36
13
26
39
13
26
39
14
28
42
14
28
42
15
30
45
15
30
45
16
32
48
16
32
48
17
34
51
17
34
51
18
36
54
18
36
54
19
38
57
19
38
57
20
40
60
20
40
60
21
42
63
21
42
63
22
44
66
22
44
66
23
46
69
23
46
69
24
48
72
24
48
72
25
50
75
25
50
75
26
52
78
26
52
78
27
54
81
27
54
81
28
56
84
28
56
84
29
58
87
29
58
87
30
60
90
30
60
90
31
62
93
31
62
93
32
64
96
32
64
96
33
66
99
33
66
99
34
68
102
34
68
102
35
70
105
35
70
105
36
72
108
36
72
108
37
74
111
37
74
111
38
76
114
38
76
114
39
78
117
39
78
117
40
80
120
40
80
120
41
82
123
41
82
123
42
84
126
42
84
126
43
86
129
43
86
129
44
88
132
44
88
132
45
90
135
45
90
135
46
92
138
46
92
138
47
94
141
47
94
141
48
96
144
48
96
144
49
98
147
49
98
147
50
100
150
50
100
150
51
102
153
51
102
153
52
104
156
52
104
156
53
106
159
53
106
159
54
108
162
54
108
162
55
110
165
55
110
165
56
112
168
56
112
168
57
114
171
57
114
171
58
116
174
58
116
174
59
118
177
59
118
177
60
120
180
60
120
180
61
122
183
61
122
183
62
124
186
62
124
186
63
126
189
63
126
189
64
128
192
64
128
192
65
130
195
65
130
195
66
132
198
66
132
198
67
134
201
67
134
201
68
136
204
68
136
204
69
138
207
69
138
207
70
140
210
70
140
210
71
142
213
71
142
213
72
144
216
72
144
216
73
146
219
73
146
219
74
148
222
74
148
222
75
150
225
75
150
225
76
152
228
76
152
228
77
154
231
77
154
231
78
156
234
78
156
234
79
158
237
79
158
237
80
160
240
80
160
240
81
162
243
81
162
243
82
164
246
82
164
246
83
166
249
83
166
249
84
168
252
84
168
252
85
170
255
85
170
255
86
172
258
86
172
258
87
174
261
87
174
261
88
176
264
88
176
264
89
178
267
89
178
267
90
180
270
90
180
270
91
182
273
91
182
273
92
184
276
92
184
276
93
186
279
93
186
279
94
188
282
94
188
282
95
190
285
95
190
285
96
192
288
96
192
288
97
194
291
97
194
291
98
196
294
98
196
294
99
198
297
99
198
297
100
200
300
100
200
300
101
202
303
101
202
303
102
204
306
102
204
306
103
206
309
103
206
309
104
208
312
104
208
312
105
210
315
105
210
315
106
212
318
106
212
318
107
214
321
107
214
321
108
216
324
108
216
324
109
218
327
109
218
327
110
220
330
110
220
330
111
222
333
111
222
333
112
224
336
112
224
336
113
226
339
113
226
339
114
228
342
114
228
342
115
230
345
115
230
345
116
232
348
116
232
348
117
234
351
117
234
351
118
236
354
118
236
354
119
238
357
119
238
357
120
240
360
120
240
360
121
242
363
121
242
363
122
244
366
122
244
366
123
246
369
123
246
369
124
248
372
124
248
372
125
250
375
125
250
375
126
252
378
126
252
378
127
254
381
127
254
381
128
256
384
128
256
384
129
258
387
129
258
387
130
260
390
130
260
390
131
262
393
131
262
393
132
264
396
132
264
396
133
266
399
133
266
399
134
268
402
134
268
402
135
270
405
135
270
405
136
272
408
136
272
408
137
274
411
137
274
411
138
276
414
138
276
414
139
278
417
139
278
417
140
280
420
140
280
420
141
282
423
141
282
423
142
284
426
142
284
426
143
286
429
143
286
429
144
288
432
144
288
432
145
290
435
145
290
435
146
292
438
146
292
438
147
294
441
147
294
441
148
296
444
148
296
444
149
298
447
149
298
447
150
300
450
150
300
450
151
302
453
151
302
453
152
304
456
152
304
456
153
306
459
153
306
459
154
308
462
154
308
462
155
310
465
155
310
465
156
312
468
156
312
468
157
314
471
157
314
471
158
316
474
158
316
474
159
318
477
159
318
477
160
320
480
160
320
480
161
322
483
161
322
483
162
324
486
162
324
486
163
326
489
163
326
489
164
328
492
164
328
492
165
330
495
165
330
495
166
332
498
166
332
498
167
334
501
167
334
501
168
336
504
168
336
504
169
338
507
169
338
507
170
340
510
170
340
510
171
342
513
171
342
513
172
344
516
172
344
516
173
346
519
173
346
519
174
348
522
174
348
522
175
350
525
175
350
525
176
352
528
176
352
528
177
354
531
177
354
531
178
356
534
178
356
534
179
358
537
179
358
537
180
360
540
180
360
540
181
362
543
181
362
543
182
364
546
182
364
546
183
366
549
183
366
549
184
368
552
184
368
552
185
370
555
185
370
555
186
372
558
186
372
558
187
374
561
187
374
561
188
376
564
188
376
564
189
378
567
189
378
567
190
380
570
190
380
570
191
382
573
191
382
573
192
384
576
192
384
576
193
386
579
193
386
579
194
388
582
194
388
582
195
390
585
195
390
585
196
392
588
196
392
588
197
394
591
197
394
591
198
396
594
198
396
594
199
398
597
199
398
597
200
400
600
200
400
600
201
402
603
201
402
603
202
404
606
202
404
606
203
406
609
203
406
609
204
408
612
204
408
612
205
410
615
205
410
615
206
412
618
206
412
618
207
414
621
207
414
621
208
416
624
208
416
624
209
418
627
209
418
627
210
420
630
210
420
630
211
422
633
211
422
633
212
424
636
212
424
636
213
426
639
213
426
639
214
428
642
214
428
642
215
430
645
215
430
645
216
432
648
216
432
648
217
434
651
217
434
651
218
436
654
218
436
654
219
438
657
219
438
657
220
440
660
220
440
660
221
442
663
221
442
663
222
444
666
222
444
666
223
446
669
223
446
669
224
448
672
224
448
672
225
450
675
225
450
675
226
452
678
226
452
678
227
454
681
227
454
681
228
456
684
228
456
684
229
458
687
229
458
687
230
460
690
230
460
690
231
462
693
231
462
693
232
464
696
232
464
696
233
466
699
233
466
699
234
468
702
234
468
702
235
470
705
235
470
705
236
472
708
236
472
708
237
474
711
237
474
711
238
476
714
238
476
714
239
478
717
239
478
717
240
480
720
240
480
720
241
482
723
241
482
723
242
484
726
242
484
726
243
486
729
243
486
729
244
488
732
244
488
732
245
490
735
245
490
735
246
492
738
246
492
738
247
494
741
247
494
741
248
496
744
248
496
744
249
498
747
249
498
747
250
500
750
250
500
750
251
502
753
251
502
753
252
504
756
252
504
756
253
506
759
253
506
759
254
508
762
254
508
762
255
510
765
255
510
765
256
512
768
256
512
768
257
514
771
257
514
771
258
516
774
258
516
774
259
518
777
259
518
777
260
520
780
260
520
780
261
522
783
261
522
783
262
524
786
262
524
786
263
526
789
263
526
789
264
528
792
264
528
792
265
530
795
265
530
795
266
532
798
266
532
798
267
534
801
267
534
801
268
536
804
268
536
804
269
538
807
269
538
807
270
540
810
270
540
810
271
542
813
271
542
813
272
544
816
272
544
816
273
546
819
273
546
819
274
548
822
274
548
822
275
550
825
275
550
825
276
552
828
276
552
828
277
554
831
277
554
831
278
556
834
278
556
834
279
558
837
279
558
837
280
560
840
280
560
840
281
562
843
281
562
843
282
564
846
282
564
846
283
566
849
283
566
849
284
568
852
284
568
852
285
570
855
285
570
855
286
572
858
286
572
858
287
574
861
287
574
861
288
576
864
288
576
864
289
578
867
289
578
867
290
580
870
290
580
870
291
582
873
291
582
873
292
584
876
292
584
876
293
586
879
293
586
879
294
588
882
294
588
882
295
590
885
295
590
885
296
592
888
296
592
888
297
594
891
297
594
891
298
596
894
298
596
894
299
598
897
299
598
897
300
600
900
300
600
900
301
602
903
301
602
903
302
604
906
302
604
906
303
606
909
303
606
909
304
608
912
304
608
912
305
610
915
305
610
915
306
612
918
306
612
918
307
614
921
307
614
921
308
616
924
308
616
924
309
618
927
309
618
927
310
620
930
310
620
930
311
622
933
311
622
933
312
624
936
312
624
936
313
626
939
313
626
939
314
628
942
314
628
942
315
630
945
315
630
945
316
632
948
316
632
948
317
634
951
317
634
951
318
636
954
318
636
954
319
638
957
319
638
957
320
640
960
320
640
960
321
642
963
321
642
963
322
644
966
322
644
966
323
646
969
323
646
969
324
648
972
324
648
972
325
650
975
325
650
975
326
652
978
326
652
978
327
654
981
327
654
981
328
656
984
328
656
984
329
658
987
329
658
987
330
660
990
330
660
990
331
662
993
331
662
993
332
664
996
332
664
996
333
666
999
333
666
999
334
668
1002
334
668
1002
335
670
1005
335
670
1005
336
672
1008
336
672
1008
337
674
1011
337
674
1011
338
676
1014
338
676
1014
339
678
1017
339
678
1017
340
680
1020
340
680
1020
341
682
1023
341
682
1023
342
684
1026
342
684
1026
343
686
1029
343
686
1029
344
688
1032
344
688
1032
345
690
1035
345
690
1035
346
692
1038
346
692
1038
347
694
1041
347
694
1041
348
696
1044
348
696
1044
349
698
1047
349
698
1047
350
700
1050
350
700
1050
351
702
1053
351
702
1053
352
704
1056
352
704
1056
353
706
1059
353
706
1059
354
708
1062
354
708
1062
355
710
1065
355
710
1065
356
712
1068
356
712
1068
357
714
1071
357
714
1071
358
716
1074
358
716
1074
359
718
1077
359
718
1077
360
720
1080
360
720
1080
361
722
1083
361
722
1083
362
724
1086
362
724
1086
363
726
1089
363
726
1089
364
728
1092
364
728
1092
365
730
1095
365
730
1095
366
732
1098
366
732
1098
367
734
1101
367
734
1101
368
736
1104
368
736
1104
369
738
1107
369
738
1107
370
740
1110
370
740
1110
371
742
1113
371
742
1113
372
744
1116
372
744
1116
373
746
1119
373
746
1119
374
748
1122
374
748
1122
375
750
1125
375
750
1125
376
752
1128
376
752
1128
377
754
1131
377
754
1131
378
756
1134
378
756
1134
379
758
1137
379
758
1137
380
760
1140
380
760
1140
381
762
1143
381
762
1143
382
764
1146
382
764
1146
383
766
1149
383
766
1149
384
768
1152
384
768
1152
385
770
1155
385
770
1155
386
772
1158
386
772
1158
387
774
1161
387
774
1161
388
776
1164
388
776
1164
389
778
1167
389
778
1167
390
780
1170
390
780
1170
391
782
1173
391
782
1173
392
784
1176
392
784
1176
393
786
1179
393
786
1179
394
788
1182
394
788
1182
395
790
1185
395
790
1185
396
792
1188
396
792
1188
397
794
1191
397
794
1191
398
796
1194
398
796
1194
399
798
1197
399
798
1197
400
800
1200
400
800
1200
401
802
1203
401
802
1203
402
804
1206
402
804
1206
403
806
1209
403
806
1209
404
808
1212
404
808
1212
405
810
1215
405
810
1215
406
812
1218
406
812
1218
407
814
1221
407
814
1221
408
816
1224
408
816
1224
409
818
1227
409
818
1227
410
820
1230
410
820
1230
411
822
1233
411
822
1233
412
824
1236
412
824
1236
413
826
1239
413
826
1239
414
828
1242
414
828
1242
415
830
1245
415
830
1245
416
832
1248
416
832
1248
417
834
1251
417
834
1251
418
836
1254
418
836
1254
419
838
1257
419
838
1257
420
840
1260
420
840
1260
421
842
1263
421
842
1263
422
844
1266
422
844
1266
423
846
1269
423
846
1269
424
848
1272
424
848
1272
425
850
1275
425
850
1275
426
852
1278
426
852
1278
427
854
1281
427
854
1281
428
856
1284
428
856
1284
429
858
1287
429
858
1287
430
860
1290
430
860
1290
431
862
1293
431
862
1293
432
864
1296
432
864
1296
433
866
1299
433
866
1299
434
868
1302
434
868
1302
435
870
1305
435
870
1305
436
872
1308
436
872
1308
437
874
1311
437
874
1311
438
876
1314
438
876
1314
439
878
1317
439
878
1317
440
880
1320
440
880
1320
441
882
1323
441
882
1323
442
884
1326
442
884
1326
443
886
1329
443
886
1329
444
888
1332
444
888
1332
445
890
1335
445
890
1335
446
892
1338
446
892
1338
447
894
1341
447
894
1341
448
896
1344
448
896
1344
449
898
1347
449
898
1347
450
900
1350
450
900
1350
451
902
1353
451
902
1353
452
904
1356
452
904
1356
453
906
1359
453
906
1359
454
908
1362
454
908
1362
455
910
1365
455
910
1365
456
912
1368
456
912
1368
457
914
1371
457
914
1371
458
916
1374
458
916
1374
459
918
1377
459
918
1377
460
920
1380
460
920
1380
461
922
1383
461
922
1383
462
924
1386
462
924
1386
463
926
1389
463
926
1389
464
928
1392
464
928
1392
465
930
1395
465
930
1395
466
932
1398
466
932
1398
467
934
1401
467
934
1401
468
936
1404
468
936
1404
469
938
1407
469
938
1407
470
940
1410
470
940
1410
471
942
1413
471
942
1413
472
944
1416
472
944
1416
473
946
1419
473
946
1419
474
948
1422
474
948
1422
475
950
1425
475
950
1425
476
952
1428
476
952
1428
477
954
1431
477
954
1431
478
956
1434
478
956
1434
479
958
1437
479
958
1437
480
960
1440
480
960
1440
481
962
1443
481
962
1443
482
964
1446
482
964
1446
483
966
1449
483
966
1449
484
968
1452
484
968
1452
485
970
1455
485
970
1455
486
972
1458
486
972
1458
487
974
1461
487
974
1461
488
976
1464
488
976
1464
489
978
1467
489
978
1467
490
980
1470
490
980
1470
491
982
1473
491
982
1473
492
984
1476
492
984
1476
493
986
1479
493
986
1479
494
988
1482
494
988
1482
495
990
1485
495
990
1485
496
992
1488
496
992
1488
497
994
1491
497
994
1491
498
996
1494
498
996
1494
499
998
1497
499
998
1497
500
1000
1500
500
1000
1500
501
1002
1503
501
1002
1503
502
1004
1506
502
1004
1506
503
1006
1509
503
1006
1509
504
1008
1512
504
1008
1512
505
1010
1515
505
1010
1515
506
1012
1518
506
1012
1518
507
1014
1521
507
1014
1521
508
1016
1524
508
1016
1524
509
1018
1527
509
1018
1527
510
1020
1530
510
1020
1530
511
1022
1533
511
1022
1533
512
1024
1536
512
1024
1536
513
1026
1539
513
1026
1539
514
1028
1542
514
1028
1542
515
1030
1545
515
1030
1545
516
1032
1548
516
1032
1548
517
1034
1551
517
1034
1551
518
1036
1554
518
1036
1554
519
1038
1557
519
1038
1557
520
1040
1560
520
1040
1560
521
1042
1563
521
1042
1563
522
1044
1566
522
1044
1566
523
1046
1569
523
1046
1569
524
1048
1572
524
1048
1572
525
1050
1575
525
1050
1575
526
1052
1578
526
1052
1578
527
1054
1581
527
1054
1581
528
1056
1584
528
1056
1584
529
1058
1587
529
1058
1587
530
1060
1590
530
1060
1590
531
1062
1593
531
1062
1593
532
1064
1596
532
1064
1596
533
1066
1599
533
1066
1599
534
1068
1602
534
1068
1602
535
1070
1605
535
1070
1605
536
1072
1608
536
1072
1608
537
1074
1611
537
1074
1611
538
1076
1614
538
1076
1614
539
1078
1617
539
1078
1617
540
1080
1620
540
1080
1620
541
1082
1623
541
1082
1623
542
1084
1626
542
1084
1626
543
1086
1629
543
1086
1629
544
1088
1632
544
1088
1632
545
1090
1635
545
1090
1635
546
1092
1638
546
1092
1638
547
1094
1641
547
1094
1641
548
1096
1644
548
1096
1644
549
1098
1647
549
1098
1647
550
1100
1650
550
1100
1650
551
1102
1653
551
1102
1653
552
1104
1656
552
1104
1656
553
1106
1659
553
1106
1659
554
1108
1662
554
1108
1662
555
1110
1665
555
1110
1665
556
1112
1668
556
1112
1668
557
1114
1671
557
1114
1671
558
1116
1674
558
1116
1674
559
1118
1677
559
1118
1677
560
1120
1680
560
1120
1680
561
1122
1683
561
1122
1683
562
1124
1686
562
1124
1686
563
1126
1689
563
1126
1689
564
1128
1692
564
1128
1692
565
1130
1695
565
1130
1695
566
1132
1698
566
1132
1698
567
1134
1701
567
1134
1701
568
1136
1704
568
1136
1704
569
1138
1707
569
1138
1707
570
1140
1710
570
1140
1710
571
1142
1713
571
1142
1713
572
1144
1716
572
1144
1716
573
1146
1719
573
1146
1719
574
1148
1722
574
1148
1722
575
1150
1725
575
1150
1725
576
1152
1728
576
1152
1728
577
1154
1731
577
1154
1731
578
1156
1734
578
1156
1734
579
1158
1737
579
1158
1737
580
1160
1740
580
1160
1740
581
1162
1743
581
1162
1743
582
1164
1746
582
1164
1746
583
1166
1749
583
1166
1749
584
1168
1752
584
1168
1752
585
1170
1755
585
1170
1755
586
1172
1758
586
1172
1758
587
1174
1761
587
1174
1761
588
1176
1764
588
1176
1764
589
1178
1767
589
1178
1767
590
1180
1770
590
1180
1770
591
1182
1773
591
1182
1773
592
1184
1776
592
1184
1776
593
1186
1779
593
1186
1779
594
1188
1782
594
1188
1782
595
1190
1785
595
1190
1785
596
1192
1788
596
1192
1788
597
1194
1791
597
1194
1791
598
1196
1794
598
1196
1794
599
1198
1797
599
1198
1797
600
1200
1800
600
1200
1800
601
1202
1803
601
1202
1803
602
1204
1806
602
1204
1806
603
1206
1809
603
1206
1809
604
1208
1812
604
1208
1812
605
1210
1815
605
1210
1815
606
1212
1818
606
1212
1818
607
1214
1821
607
1214
1821
608
1216
1824
608
1216
1824
609
1218
1827
609
1218
1827
610
1220
1830
610
1220
1830
611
1222
1833
611
1222
1833
612
1224
1836
612
1224
1836
613
1226
1839
613
1226
1839
614
1228
1842
614
1228
1842
615
1230
1845
615
1230
1845
616
1232
1848
616
1232
1848
617
1234
1851
617
1234
1851
618
1236
1854
618
1236
1854
619
1238
1857
619
1238
1857
620
1240
1860
620
1240
1860
621
1242
1863
621
1242
1863
622
1244
1866
622
1244
1866
623
1246
1869
623
1246
1869
624
1248
1872
624
1248
1872
625
1250
1875
625
1250
1875
626
1252
1878
626
1252
1878
627
1254
1881
627
1254
1881
628
1256
1884
628
1256
1884
629
1258
1887
629
1258
1887
630
1260
1890
630
1260
1890
631
1262
1893
631
1262
1893
632
1264
1896
632
1264
1896
633
1266
1899
633
1266
1899
634
1268
1902
634
1268
1902
635
1270
1905
635
1270
1905
636
1272
1908
636
1272
1908
637
1274
1911
637
1274
1911
638
1276
1914
638
1276
1914
639
1278
1917
639
1278
1917
640
1280
1920
640
1280
1920
641
1282
1923
641
1282
1923
642
1284
1926
642
1284
1926
643
1286
1929
643
1286
1929
644
1288
1932
644
1288
1932
645
1290
1935
645
1290
1935
646
1292
1938
646
1292
1938
647
1294
1941
647
1294
1941
648
1296
1944
648
1296
1944
649
1298
1947
649
1298
1947
650
1300
1950
650
1300
1950
651
1302
1953
651
1302
1953
652
1304
1956
652
1304
1956
653
1306
1959
653
1306
1959
654
1308
1962
654
1308
1962
655
1310
1965
655
1310
1965
656
1312
1968
656
1312
1968
657
1314
1971
657
1314
1971
658
1316
1974
658
1316
1974
659
1318
1977
659
1318
1977
660
1320
1980
660
1320
1980
661
1322
1983
661
1322
1983
662
1324
1986
662
1324
1986
663
1326
1989
663
1326
1989
664
1328
1992
664
1328
1992
665
1330
1995
665
1330
1995
666
1332
1998
666
1332
1998
667
1334
2001
667
1334
2001
668
1336
2004
668
1336
2004
669
1338
2007
669
1338
2007
670
1340
2010
670
1340
2010
671
1342
2013
671
1342
2013
672
1344
2016
672
1344
2016
673
1346
2019
673
1346
2019
674
1348
2022
674
1348
2022
675
1350
2025
675
1350
2025
676
1352
2028
676
1352
2028
677
1354
2031
677
1354
2031
678
1356
2034
678
1356
2034
679
1358
2037
679
1358
2037
680
1360
2040
680
1360
2040
681
1362
2043
681
1362
2043
682
1364
2046
682
1364
2046
683
1366
2049
683
1366
2049
684
1368
2052
684
1368
2052
685
1370
2055
685
1370
2055
686
1372
2058
686
1372
2058
687
1374
2061
687
1374
2061
688
1376
2064
688
1376
2064
689
1378
2067
689
1378
2067
690
1380
2070
690
1380
2070
691
1382
2073
691
1382
2073
692
1384
2076
692
1384
2076
693
1386
2079
693
1386
2079
694
1388
2082
694
1388
2082
695
1390
2085
695
1390
2085
696
1392
2088
696
1392
2088
697
1394
2091
697
1394
2091
698
1396
2094
698
1396
2094
699
1398
2097
699
1398
2097
700
1400
2100
700
1400
2100
701
1402
2103
701
1402
2103
702
1404
2106
702
1404
2106
703
1406
2109
703
1406
2109
704
1408
2112
704
1408
2112
705
1410
2115
705
1410
2115
706
1412
2118
706
1412
2118
707
1414
2121
707
1414
2121
708
1416
2124
708
1416
2124
709
1418
2127
709
1418
2127
710
1420
2130
710
1420
2130
711
1422
2133
711
1422
2133
712
1424
2136
712
1424
2136
713
1426
2139
713
1426
2139
714
1428
2142
714
1428
2142
715
1430
2145
715
1430
2145
716
1432
2148
716
1432
2148
717
1434
2151
717
1434
2151
718
1436
2154
718
1436
2154
719
1438
2157
719
1438
2157
720
1440
2160
720
1440
2160
721
1442
2163
721
1442
2163
722
1444
2166
722
1444
2166
723
1446
2169
723
1446
2169
724
1448
2172
724
1448
2172
725
1450
2175
725
1450
2175
726
1452
2178
726
1452
2178
727
1454
2181
727
1454
2181
728
1456
2184
728
1456
2184
729
1458
2187
729
1458
2187
730
1460
2190
730
1460
2190
731
1462
2193
731
1462
2193
732
1464
2196
732
1464
2196
733
1466
2199
733
1466
2199
734
1468
2202
734
1468
2202
735
1470
2205
735
1470
2205
736
1472
2208
736
1472
2208
737
1474
2211
737
1474
2211
738
1476
2214
738
1476
2214
739
1478
2217
739
1478
2217
740
1480
2220
740
1480
2220
741
1482
2223
741
1482
2223
742
1484
2226
742
1484
2226
743
1486
2229
743
1486
2229
744
1488
2232
744
1488
2232
745
1490
2235
745
1490
2235
746
1492
2238
746
1492
2238
747
1494
2241
747
1494
2241
748
1496
2244
748
1496
2244
749
1498
2247
749
1498
2247
750
1500
2250
750
1500
2250
751
1502
2253
751
1502
2253
752
1504
2256
752
1504
2256
753
1506
2259
753
1506
2259
754
1508
2262
754
1508
2262
755
1510
2265
755
1510
2265
756
1512
2268
756
1512
2268
757
1514
2271
757
1514
2271
758
1516
2274
758
1516
2274
759
1518
2277
759
1518
2277
760
1520
2280
760
1520
2280
761
1522
2283
761
1522
2283
762
1524
2286
762
1524
2286
763
1526
2289
763
1526
2289
764
1528
2292
764
1528
2292
765
1530
2295
765
1530
2295
766
1532
2298
766
1532
2298
767
1534
2301
767
1534
2301
768
1536
2304
768
1536
2304
769
1538
2307
769
1538
2307
770
1540
2310
770
1540
2310
771
1542
2313
771
1542
2313
772
1544
2316
772
1544
2316
773
1546
2319
773
1546
2319
774
1548
2322
774
1548
2322
775
1550
2325
775
1550
2325
776
1552
2328
776
1552
2328
777
1554
2331
777
1554
2331
778
1556
2334
778
1556
2334
779
1558
2337
779
1558
2337
780
1560
2340
780
1560
2340
781
1562
2343
781
1562
2343
782
1564
2346
782
1564
2346
783
1566
2349
783
1566
2349
784
1568
2352
784
1568
2352
785
1570
2355
785
1570
2355
786
1572
2358
786
1572
2358
787
1574
2361
787
1574
2361
788
1576
2364
788
1576
2364
789
1578
2367
789
1578
2367
790
1580
2370
790
1580
2370
791
1582
2373
791
1582
2373
792
1584
2376
792
1584
2376
793
1586
2379
793
1586
2379
794
1588
2382
794
1588
2382
795
1590
2385
795
1590
2385
796
1592
2388
796
1592
2388
797
1594
2391
797
1594
2391
798
1596
2394
798
1596
2394
799
1598
2397
799
1598
2397
800
1600
2400
800
1600
2400
801
1602
2403
801
1602
2403
802
1604
2406
802
1604
2406
803
1606
2409
803
1606
2409
804
1608
2412
804
1608
2412
805
1610
2415
805
1610
2415
806
1612
2418
806
1612
2418
807
1614
2421
807
1614
2421
808
1616
2424
808
1616
2424
809
1618
2427
809
1618
2427
810
1620
2430
810
1620
2430
811
1622
2433
811
1622
2433
812
1624
2436
812
1624
2436
813
1626
2439
813
1626
2439
814
1628
2442
814
1628
2442
815
1630
2445
815
1630
2445
816
1632
2448
816
1632
2448
817
1634
2451
817
1634
2451
818
1636
2454
818
1636
2454
819
1638
2457
819
1638
2457
820
1640
2460
820
1640
2460
821
1642
2463
821
1642
2463
822
1644
2466
822
1644
2466
823
1646
2469
823
1646
2469
824
1648
2472
824
1648
2472
825
1650
2475
825
1650
2475
826
1652
2478
826
1652
2478
827
1654
2481
827
1654
2481
828
1656
2484
828
1656
2484
829
1658
2487
829
1658
2487
830
1660
2490
830
1660
2490
831
1662
2493
831
1662
2493
832
1664
2496
832
1664
2496
833
1666
2499
833
1666
2499
834
1668
2502
834
1668
2502
835
1670
2505
835
1670
2505
836
1672
2508
836
1672
2508
837
1674
2511
837
1674
2511
838
1676
2514
838
1676
2514
839
1678
2517
839
1678
2517
840
1680
2520
840
1680
2520
841
1682
2523
841
1682
2523
842
1684
2526
842
1684
2526
843
1686
2529
843
1686
2529
844
1688
2532
844
1688
2532
845
1690
2535
845
1690
2535
846
1692
2538
846
1692
2538
847
1694
2541
847
1694
2541
848
1696
2544
848
1696
2544
849
1698
2547
849
1698
2547
850
1700
2550
850
1700
2550
851
1702
2553
851
1702
2553
852
1704
2556
852
1704
2556
853
1706
2559
853
1706
2559
854
1708
2562
854
1708
2562
855
1710
2565
855
1710
2565
856
1712
2568
856
1712
2568
857
1714
2571
857
1714
2571
858
1716
2574
858
1716
2574
859
1718
2577
859
1718
2577
860
1720
2580
860
1720
2580
861
1722
2583
861
1722
2583
862
1724
2586
862
1724
2586
863
1726
2589
863
1726
2589
864
1728
2592
864
1728
2592
865
1730
2595
865
1730
2595
866
1732
2598
866
1732
2598
867
1734
2601
867
1734
2601
868
1736
2604
868
1736
2604
869
1738
2607
869
1738
2607
870
1740
2610
870
1740
2610
871
1742
2613
871
1742
2613
872
1744
2616
872
1744
2616
873
1746
2619
873
1746
2619
874
1748
2622
874
1748
2622
875
1750
2625
875
1750
2625
876
1752
2628
876
1752
2628
877
1754
2631
877
1754
2631
878
1756
2634
878
1756
2634
879
1758
2637
879
1758
2637
880
1760
2640
880
1760
2640
881
1762
2643
881
1762
2643
882
1764
2646
882
1764
2646
883
1766
2649
883
1766
2649
884
1768
2652
884
1768
2652
885
1770
2655
885
1770
2655
886
1772
2658
886
1772
2658
887
1774
2661
887
1774
2661
888
1776
2664
888
1776
2664
889
1778
2667
889
1778
2667
890
1780
2670
890
1780
2670
891
1782
2673
891
1782
2673
892
1784
2676
892
1784
2676
893
1786
2679
893
1786
2679
894
1788
2682
894
1788
2682
895
1790
2685
895
1790
2685
896
1792
2688
896
1792
2688
897
1794
2691
897
1794
2691
898
1796
2694
898
1796
2694
899
1798
2697
899
1798
2697
900
1800
2700
900
1800
2700
901
1802
2703
901
1802
2703
902
1804
2706
902
1804
2706
903
1806
2709
903
1806
2709
904
1808
2712
904
1808
2712
905
1810
2715
905
1810
2715
906
1812
2718
906
1812
2718
907
1814
2721
907
1814
2721
908
1816
2724
908
1816
2724
909
1818
2727
909
1818
2727
910
1820
2730
910
1820
2730
911
1822
2733
911
1822
2733
912
1824
2736
912
1824
2736
913
1826
2739
913
1826
2739
914
1828
2742
914
1828
2742
915
1830
2745
915
1830
2745
916
1832
2748
916
1832
2748
917
1834
2751
917
1834
2751
918
1836
2754
918
1836
2754
919
1838
2757
919
1838
2757
920
1840
2760
920
1840
2760
921
1842
2763
921
1842
2763
922
1844
2766
922
1844
2766
923
1846
2769
923
1846
2769
924
1848
2772
924
1848
2772
925
1850
2775
925
1850
2775
926
1852
2778
926
1852
2778
927
1854
2781
927
1854
2781
928
1856
2784
928
1856
2784
929
1858
2787
929
1858
2787
930
1860
2790
930
1860
2790
931
1862
2793
931
1862
2793
932
1864
2796
932
1864
2796
933
1866
2799
933
1866
2799
934
1868
2802
934
1868
2802
935
1870
2805
935
1870
2805
936
1872
2808
936
1872
2808
937
1874
2811
937
1874
2811
938
1876
2814
938
1876
2814
939
1878
2817
939
1878
2817
940
1880
2820
940
1880
2820
941
1882
2823
941
1882
2823
942
1884
2826
942
1884
2826
943
1886
2829
943
1886
2829
944
1888
2832
944
1888
2832
945
1890
2835
945
1890
2835
946
1892
2838
946
1892
2838
947
1894
2841
947
1894
2841
948
1896
2844
948
1896
2844
949
1898
2847
949
1898
2847
950
1900
2850
950
1900
2850
951
1902
2853
951
1902
2853
952
1904
2856
952
1904
2856
953
1906
2859
953
1906
2859
954
1908
2862
954
1908
2862
955
1910
2865
955
1910
2865
956
1912
2868
956
1912
2868
957
1914
2871
957
1914
2871
958
1916
2874
958
1916
2874
959
1918
2877
959
1918
2877
960
1920
2880
960
1920
2880
961
1922
2883
961
1922
2883
962
1924
2886
962
1924
2886
963
1926
2889
963
1926
2889
964
1928
2892
964
1928
2892
965
1930
2895
965
1930
2895
966
1932
2898
966
1932
2898
967
1934
2901
967
1934
2901
968
1936
2904
968
1936
2904
969
1938
2907
969
1938
2907
970
1940
2910
970
1940
2910
971
1942
2913
971
1942
2913
972
1944
2916
972
1944
2916
973
1946
2919
973
1946
2919
974
1948
2922
974
1948
2922
975
1950
2925
975
1950
2925
976
1952
2928
976
1952
2928
977
1954
2931
977
1954
2931
978
1956
2934
978
1956
2934
979
1958
2937
979
1958
2937
980
1960
2940
980
1960
2940
981
1962
2943
981
1962
2943
982
1964
2946
982
1964
2946
983
1966
2949
983
1966
2949
984
1968
2952
984
1968
2952
985
1970
2955
985
1970
2955
986
1972
2958
986
1972
2958
987
1974
2961
987
1974
2961
988
1976
2964
988
1976
2964
989
1978
2967
989
1978
2967
990
1980
2970
990
1980
2970
991
1982
2973
991
1982
2973
992
1984
2976
992
1984
2976
993
1986
2979
993
1986
2979
994
1988
2982
994
1988
2982
995
1990
2985
995
1990
2985
996
1992
2988
996
1992
2988
997
1994
2991
997
1994
2991
998
1996
2994
998
1996
2994
999
1998
2997
999
1998
2997
1000
2000
3000
1000
2000
3000
1001
2002
3003
1001
2002
3003
1002
2004
3006
1002
2004
3006
1003
2006
3009
1003
2006
3009
1004
2008
3012
1004
2008
3012
1005
2010
3015
1005
2010
3015
1006
2012
3018
1006
2012
3018
1007
2014
3021
1007
2014
3021
